-24834.0771851
-880.374332949
-736.217313042
-671.484440263
-544.850109776
-665.257588889
-564.919742095
-596.40763907
-671.821268267
-677.345162155
-682.615073497
-735.206655527
-593.869986535
-733.499055581
-747.63246688
-793.423554797
-776.583724394
-782.007999475
-782.007999475
-782.007999475
-782.007999475
-782.007999475
-782.007999475
-782.007999475
-782.007999475
-782.007999475
-782.007999475
-782.007999475
-782.007999475
-782.007999475
-782.007999475
-782.007999475
-782.007999475
-782.007999475
-782.007999475
-782.007999475
-782.007999475
-782.007999475
-782.007999475
-782.007999475
-782.007999475
-782.007999475
-782.007999475
-782.007999475
-782.007999475
-782.007999475
-782.007999475
-782.007999475
-782.007999475
-782.007999475
-782.007999475
-782.007999475
-782.007999475
-782.007999475
-782.007999475
-782.007999475
-782.007999475
-782.007999475
-782.007999475
-782.007999475
-782.007999475
-782.007999475
-782.007999475
-782.007999475
-782.007999475
-782.007999475
-782.007999475
-782.007999475
-782.007999475
-782.007999475
-782.007999475
-782.007999475
-782.007999475
-782.007999475
-782.007999475
-782.007999475
-782.007999475
-782.007999475
-782.007999475
-782.007999475
-782.007999475
-782.007999475
-782.007999475
-782.007999475
-782.007999475
-782.007999475
-782.007999475
-782.007999475
-782.007999475
-782.007999475
-782.007999475
-782.007999475
-782.007999475
-782.007999475
-782.007999475
-782.007999475
-782.007999475
-782.007999475
-782.007999475
-782.007999475
-782.007999475
-782.007999475
-782.007999475
-782.007999475
-782.007999475
-782.007999475
-782.007999475
-782.007999475
-782.007999475
-782.007999475
-782.007999475
-782.007999475
-782.007999475
-782.007999475
-782.007999475
-782.007999475
-782.007999475
-782.007999475
-782.007999475
-782.007999475
-782.007999475
-782.007999475
-782.007999475
-782.007999475
-782.007999475
-782.007999475
-782.007999475
-782.007999475
-782.007999475
-782.007999475
-782.007999475
-782.007999475
-782.007999475
-782.007999475
-782.007999475
-782.007999475
-782.007999475
-782.007999475
-782.007999475
-782.007999475
-782.007999475
-782.007999475
-782.007999475
-782.007999475
-782.007999475
-782.007999475
-782.007999475
-782.007999475
-782.007999475
-782.007999475
-782.007999475
-782.007999475
-782.007999475
-782.007999475
-782.007999475
-782.007999475
-782.007999475
-782.007999475
-782.007999475
-782.007999475
-782.007999475
-782.007999475
-782.007999475
-782.007999475
-782.007999475
-782.007999475
-782.007999475
-782.007999475
-782.007999475
-782.007999475
-782.007999475
-782.007999475
-782.007999475
-782.007999475
-782.007999475
-782.007999475
-782.007999475
-782.007999475
-782.007999475
-782.007999475
-782.007999475
-782.007999475
-782.007999475
-782.007999475
-782.007999475
-782.007999475
-782.007999475
-782.007999475
-782.007999475
-782.007999475
-782.007999475
-782.007999475
-782.007999475
-782.007999475
-782.007999475
-782.007999475
-782.007999475
-782.007999475
-782.007999475
-782.007999475
-782.007999475
-782.007999475
-782.007999475
-782.007999475
-782.007999475
-782.007999475
-782.007999475
-782.007999475
-782.007999475
-782.007999475
-782.007999475
-782.007999475
-782.007999475
-782.007999475
-782.007999475
-782.007999475
-782.007999475
-782.007999475
-782.007999475
-782.007999475
-782.007999475
-782.007999475
-782.007999475
-782.007999475
-782.007999475
-782.007999475
-782.007999475
-782.007999475
-782.007999475
-782.007999475
-782.007999475
-782.007999475
-782.007999475
-782.007999475
-782.007999475
-782.007999475
-782.007999475
-782.007999475
-782.007999475
-782.007999475
-782.007999475
-782.007999475
-782.007999475
-782.007999475
-782.007999475
-782.007999475
-782.007999475
-782.007999475
-782.007999475
-782.007999475
-782.007999475
-782.007999475
-782.007999475
-782.007999475
-782.007999475
-782.007999475
-782.007999475
-782.007999475
-782.007999475
-782.007999475
-782.007999475
-782.007999475
-782.007999475
-782.007999475
-782.007999475
-782.007999475
-782.007999475
-782.007999475
-782.007999475
-782.007999475
-782.007999475
-782.007999475
-782.007999475
-782.007999475
-782.007999475
-782.007999475
-782.007999475
-782.007999475
-782.007999475
-782.007999475
-782.007999475
-782.007999475
-782.007999475
-782.007999475
-782.007999475
-782.007999475
-782.007999475
-782.007999475
-782.007999475
-782.007999475
-782.007999475
-782.007999475
-782.007999475
-782.007999475
-782.007999475
-782.007999475
-782.007999475
-782.007999475
-782.007999475
-782.007999475
-782.007999475
