-24834.077185085091
-21796.3284925
-22281.4709678
-20976.4006715
-21942.863777
-22066.0921109
-22144.5457801
-22189.9600494
-22253.7150868
-22289.5449237
-22313.5492539
-22359.1486639
-22373.3832538
-22382.5286823
-22443.7370222
-22449.7913374
-22459.9532683
-22453.4757255
-22453.4757255
-22453.4757255
-22453.4757255
-22453.4757255
-22453.4757255
-22453.4757255
-22453.4757255
-22453.4757255
-22453.4757255
-22453.4757255
-22453.4757255
-22453.4757255
-22453.4757255
-22453.4757255
-22453.4757255
-22453.4757255
-22453.4757255
-22453.4757255
-22453.4757255
-22453.4757255
-22453.4757255
-22453.4757255
-22453.4757255
-22453.4757255
-22453.4757255
-22453.4757255
-22453.4757255
-22453.4757255
-22453.4757255
-22453.4757255
-22453.4757255
-22453.4757255
-22453.4757255
-22453.4757255
-22453.4757255
-22453.4757255
-22453.4757255
-22453.4757255
-22453.4757255
-22453.4757255
-22453.4757255
-22453.4757255
-22453.4757255
-22453.4757255
-22453.4757255
-22453.4757255
-22453.4757255
-22453.4757255
-22453.4757255
-22453.4757255
-22453.4757255
-22453.4757255
-22453.4757255
-22453.4757255
-22453.4757255
-22453.4757255
-22453.4757255
-22453.4757255
-22453.4757255
-22453.4757255
-22453.4757255
-22453.4757255
-22453.4757255
-22453.4757255
-22453.4757255
-22453.4757255
-22453.4757255
-22453.4757255
-22453.4757255
-22453.4757255
-22453.4757255
-22453.4757255
-22453.4757255
-22453.4757255
-22453.4757255
-22453.4757255
-22453.4757255
-22453.4757255
-22453.4757255
-22453.4757255
-22453.4757255
-22453.4757255
-22453.4757255
-22453.4757255
-22453.4757255
-22453.4757255
-22453.4757255
-22453.4757255
-22453.4757255
-22453.4757255
-22453.4757255
-22453.4757255
-22453.4757255
-22453.4757255
-22453.4757255
-22453.4757255
-22453.4757255
-22453.4757255
-22453.4757255
-22453.4757255
-22453.4757255
-22453.4757255
-22453.4757255
-22453.4757255
-22453.4757255
-22453.4757255
-22453.4757255
-22453.4757255
-22453.4757255
-22453.4757255
-22453.4757255
-22453.4757255
-22453.4757255
-22453.4757255
-22453.4757255
-22453.4757255
-22453.4757255
-22453.4757255
-22453.4757255
-22453.4757255
-22453.4757255
-22453.4757255
-22453.4757255
-22453.4757255
-22453.4757255
-22453.4757255
-22453.4757255
-22453.4757255
-22453.4757255
-22453.4757255
-22453.4757255
-22453.4757255
-22453.4757255
-22453.4757255
-22453.4757255
-22453.4757255
-22453.4757255
-22453.4757255
-22453.4757255
-22453.4757255
-22453.4757255
-22453.4757255
-22453.4757255
-22453.4757255
-22453.4757255
-22453.4757255
-22453.4757255
-22453.4757255
-22453.4757255
-22453.4757255
-22453.4757255
-22453.4757255
-22453.4757255
-22453.4757255
-22453.4757255
-22453.4757255
-22453.4757255
-22453.4757255
-22453.4757255
-22453.4757255
-22453.4757255
-22453.4757255
-22453.4757255
-22453.4757255
-22453.4757255
-22453.4757255
-22453.4757255
-22453.4757255
-22453.4757255
-22453.4757255
-22453.4757255
-22453.4757255
-22453.4757255
-22453.4757255
-22453.4757255
-22453.4757255
-22453.4757255
-22453.4757255
-22453.4757255
-22453.4757255
-22453.4757255
-22453.4757255
-22453.4757255
-22453.4757255
-22453.4757255
-22453.4757255
-22453.4757255
-22453.4757255
-22453.4757255
-22453.4757255
-22453.4757255
-22453.4757255
-22453.4757255
-22453.4757255
-22453.4757255
-22453.4757255
-22453.4757255
-22453.4757255
-22453.4757255
-22453.4757255
-22453.4757255
-22453.4757255
-22453.4757255
-22453.4757255
-22453.4757255
-22453.4757255
-22453.4757255
-22453.4757255
-22453.4757255
-22453.4757255
-22453.4757255
-22453.4757255
-22453.4757255
-22453.4757255
-22453.4757255
-22453.4757255
-22453.4757255
-22453.4757255
-22453.4757255
-22453.4757255
-22453.4757255
-22453.4757255
-22453.4757255
-22453.4757255
-22453.4757255
-22453.4757255
-22453.4757255
-22453.4757255
-22453.4757255
-22453.4757255
-22453.4757255
-22453.4757255
-22453.4757255
-22453.4757255
-22453.4757255
-22453.4757255
-22453.4757255
-22453.4757255
-22453.4757255
-22453.4757255
-22453.4757255
-22453.4757255
-22453.4757255
-22453.4757255
-22453.4757255
-22453.4757255
-22453.4757255
-22453.4757255
-22453.4757255
-22453.4757255
-22453.4757255
-22453.4757255
-22453.4757255
-22453.4757255
-22453.4757255
-22453.4757255
-22453.4757255
-22453.4757255
-22453.4757255
-22453.4757255
-22453.4757255
-22453.4757255
-22453.4757255
-22453.4757255
-22453.4757255
-22453.4757255
-22453.4757255
-22453.4757255
-22453.4757255
-22453.4757255
-22453.4757255
-22453.4757255
-22453.4757255
-22453.4757255
-22453.4757255
-22453.4757255
-22453.4757255
-22453.4757255
-22453.4757255
-22453.4757255
-22453.4757255
-22453.4757255
-22453.4757255
